律詩.pdf ---


121 
1 2341181931815142325 1931121543119322158
122
1234513219324162491932121511196714462006621935919335151245

123 
12345616119336151323651933815641202219339238571193312116121011933121281219331225106
124
1234519619351120210419355115193942015234108193571973515
125 
123
11131935915921151935101714312219362217
126
123456113119366159215219375113160193791103456160
127 
123115819378114216819381114318219388415
128
1234511941939242421939420116341225
129 
1234561193942016823415856

130
123451171196714419731225215198810175221719402573421775
131 
123456789101112113319417169252 1941722162345678149821941112349101112
132
12 345678114982194111234234567149961941127481671943115312901943221617719436153729119433109
133 
123412921943323252292194332328172194341353419511233195152

134
12345678123319661136-372345321197051336734319717136836219726135
135 
12341391197311152-5322019881017623392197312148-492214197454395-619744176225197311
136
1234561401 1974516122624051974101623644436(197651)34• (1976518)956
137 
123456789 1014561977512423463197781644567289 197921528910
138
12341289 1979216323197941210198492284
139 
1231293 19796146-47371994111721742295 19798130723 300 1980113375
140
1234561 1981107-10823456
141 
1
21312 19811160-61373198810 1742315 19814168374
142
121318 1981715961633762320 19819165-67 377
143 
1
1322 198111148378198810 175
144
1
1331 19828117-18380
145 
12
1198452045-461983122526264801984329
146
123 
110623919849295219846243199411282-283
147 
1 234513222199582541198362672345
148
1 23123
149 
12341234
150
123456123456
151 
12341234
152
1 2 3456123456
153 
12341234
154
123456123456
155 
1 234 512345
156
12341221931101571881938113578193911529132446428225193112133112 1932218126437193261563519325155


--- FILE: 詩人介紹與推薦序.pdf ---
݆ 1915-2000d۬dΤ˂
ହdο䅆Гd߰e ථ௝e ɿหeֲe ൈͣe ಐ૙e ੔૙e ൄ
͛eฌшᕽeฌшᕽ˴ɛഃf૶˾ӸʑੵᗝΈɧɿe̮
࢑d˾d І̼ա˨ፋ઺ኬdʔա˚͉
઺ԃdێdٟf
˙ᕏႦᇜ፨d 1945ϋΫඊd؍e֝
ᚆʕኪeࣧd઺બ਷˖d1973ᚆ৷ʕৗ;fו
ʉ΂dաᒗᑺኪdܝdኪึ
̚Պ་൚फ˴ᑺɛf ฌλџ൘dΌၽ΢ጤ̹ᅄ་eᑌ
џd࣭dᑘdІᇜ䅆Гџণe౮ʠџণe
ฌшᕽџণഃ་ණ˓ᇃdૄɿෛʘගf
3 編輯凡例
ᇜ፨ɭԷ
ɓe̚Պ་൚